T,2020-07-31 15:41:40,56.92137111,24.09641595,6,42.937,,0.871,162,30,30,20200731-184140,GPS Logger: 20200731-184140
T,2020-07-31 15:41:41,56.92137135,24.09641599,6,43.193,,1.350,161,30,30,,
S,This is text for switch test
T,2020-07-31 15:41:42,56.92136010,24.09641203,6,42.677,,1.392,152,32,32,,
T,2020-07-31 15:41:43,56.92135386,24.09642226,6,42.486,,1.189,151,32,32,,
T,2020-07-31 15:41:44,56.92134377,24.09643576,6,42.891,,0.858,152,31,31,,
T,2020-07-31 15:41:45,56.92133472,24.09645041,6,43.237,,0.974,142,31,32,,
T,2020-07-31 15:41:46,56.92132641,24.09646794,6,43.334,,1.000,142,31,32,,
T,2020-07-31 15:41:47,56.92130947,24.09649340,4,43.374,,1.049,142,30,30,,
T,2020-07-31 15:41:48,56.92129722,24.09651282,4,43.497,,1.095,137,31,31,,
T,2020-07-31 15:41:49,56.92128550,24.09653908,4,43.904,,1.149,134,30,30,,
T,2020-07-31 15:41:50,56.92127782,24.09655116,4,43.272,,1.202,136,32,32,,
T,2020-07-31 15:41:51,56.92126322,24.09656687,4,43.555,,1.231,140,30,31,,
T,2020-07-31 15:41:52,56.92125270,24.09657947,4,43.836,,1.228,149,30,31,,
T,2020-07-31 15:41:53,56.92123537,24.09658742,4,43.830,,1.245,155,30,32,,
T,2020-07-31 15:41:54,56.92122304,24.09659229,4,43.620,,1.269,158,30,31,,
S,This is text for switch test
T,2020-07-31 15:41:55,56.92120416,24.09659947,3,43.972,,1.295,162,30,31,,
T,2020-07-31 15:41:56,56.92118963,24.09661071,3,44.274,,1.283,162,30,30,,
T,2020-07-31 15:41:57,56.92117523,24.09662104,3,44.464,,1.289,158,30,31,,
T,2020-07-31 15:41:58,56.92116044,24.09662664,3,44.563,,1.298,163,31,32,,
T,2020-07-31 15:41:59,56.92114997,24.09663189,3,44.215,,1.308,158,31,31,,
T,2020-07-31 15:42:00,56.92114117,24.09664014,3,44.133,,1.307,152,29,31,,
T,2020-07-31 15:42:01,56.92113074,24.09664975,3,44.243,,1.270,149,31,31,,
T,2020-07-31 15:42:02,56.92111905,24.09665690,3,44.371,,1.260,147,31,31,,
T,2020-07-31 15:42:03,56.92111112,24.09666320,4,44.193,,1.255,145,32,32,,
T,2020-07-31 15:42:04,56.92110217,24.09666314,4,44.206,,1.255,149,31,32,,
T,2020-07-31 15:42:05,56.92109120,24.09666347,4,44.026,,1.249,153,30,31,,
T,2020-07-31 15:42:06,56.92107616,24.09668625,4,44.994,,1.293,151,30,30,,
T,2020-07-31 15:43:33.999,56.92057203,24.09757186,3,47.357,,1.583,87,32,32,20200731-184333,GPS Logger: 20200731-184333
T,2020-07-31 15:43:34.999,56.92056935,24.09759396,3,47.359,,1.544,97,32,32,,
T,2020-07-31 15:43:35.999,56.92056574,24.09761488,3,47.077,,1.502,93,32,32,,
T,2020-07-31 15:43:36.999,56.92056510,24.09762514,3,47.023,,1.445,90,32,32,,
T,2020-07-31 15:43:37.999,56.92056506,24.09762779,3,47.006,,1.404,87,32,32,,
T,2020-07-31 15:43:38.999,56.92056350,24.09764423,3,47.103,,1.402,87,30,32,,
T,2020-07-31 15:43:39.999,56.92056430,24.09767194,3,46.781,,1.403,84,32,32,,
T,2020-07-31 15:43:40.999,56.92057578,24.09769420,3,46.139,,1.408,79,31,31,,
T,2020-07-31 15:43:41.999,56.92057910,24.09771847,3,46.093,,1.414,72,29,30,,
T,2020-07-31 15:43:42.999,56.92058743,24.09774525,4,46.060,,1.413,72,29,31,,
T,2020-07-31 15:43:43.999,56.92059415,24.09776705,4,45.995,,1.410,65,30,32,,
T,2020-07-31 15:43:44.999,56.92060430,24.09778852,4,46.015,,1.408,61,30,31,,
T,2020-07-31 15:43:45.999,56.92061593,24.09781511,4,45.940,,1.405,61,30,31,,
T,2020-07-31 15:43:46.999,56.92062551,24.09783826,4,45.905,,1.399,60,29,30,,
T,2020-07-31 15:43:47.999,56.92063187,24.09785966,4,45.824,,1.400,57,32,32,,
T,2020-07-31 15:43:48.999,56.92063983,24.09788255,4,46.067,,1.404,56,30,30,,
T,2020-07-31 15:43:49.999,56.92064740,24.09790636,4,46.300,,1.399,44,30,30,,
T,2020-07-31 15:43:50.999,56.92065382,24.09792674,4,45.788,,1.408,55,31,32,,
T,2020-07-31 15:43:51.999,56.92066016,24.09795356,4,45.783,,1.411,59,31,31,,
T,2020-07-31 15:43:52.999,56.92066220,24.09798289,4,44.675,,1.428,66,31,32,,
T,2020-07-31 15:43:53.999,56.92066694,24.09800683,4,44.592,,1.448,66,31,31,,
T,2020-07-31 15:43:54.999,56.92067720,24.09803128,4,43.786,,1.480,63,31,31,,
T,2020-07-31 15:43:55.999,56.92068453,24.09805733,4,43.827,,1.493,61,31,31,,
T,2020-07-31 15:43:56.999,56.92068660,24.09808432,4,43.916,,1.502,64,30,30,,
T,2020-07-31 15:43:57.999,56.92068870,24.09811446,4,43.830,,1.489,53,30,30,,
T,2020-07-31 15:43:58.999,56.92069258,24.09812869,4,43.950,,1.468,57,31,32,,
T,2020-07-31 15:43:59.999,56.92069657,24.09815015,4,44.371,,1.461,54,30,30,,
T,2020-07-31 15:44:00.999,56.92070364,24.09817691,4,44.506,,1.454,58,31,31,,
T,2020-07-31 15:44:01.999,56.92071056,24.09819737,4,44.342,,1.442,56,31,31,,
T,2020-07-31 15:44:02.999,56.92071486,24.09822000,4,44.183,,1.429,60,29,30,,
T,2020-07-31 15:44:03.999,56.92072001,24.09824306,4,44.086,,1.420,58,30,31,,
T,2020-07-31 15:44:04.999,56.92072215,24.09827445,4,44.326,,1.429,57,30,31,,
T,2020-07-31 15:44:05.999,56.92073121,24.09830458,4,43.386,,1.455,49,30,30,,
T,2020-07-31 15:44:06.999,56.92073439,24.09833173,4,43.299,,1.461,59,31,31,,
T,2020-07-31 15:44:07.999,56.92074568,24.09835252,4,43.459,,1.463,56,30,30,,
T,2020-07-31 15:44:08.999,56.92075488,24.09837410,4,43.422,,1.463,56,30,30,,
T,2020-07-31 15:44:09.999,56.92076129,24.09839805,4,43.376,,1.467,63,30,31,,
T,2020-07-31 15:44:10.999,56.92076856,24.09842232,3,43.359,,1.459,59,30,30,,
T,2020-07-31 15:44:11.999,56.92077575,24.09844097,3,43.181,,1.447,61,30,31,,
T,2020-07-31 15:44:12.999,56.92077751,24.09846078,4,43.192,,1.446,63,29,29,,
T,2020-07-31 15:44:13.999,56.92078193,24.09848645,4,43.444,,1.453,61,29,30,,
T,2020-07-31 15:44:14.999,56.92078859,24.09851099,4,43.516,,1.452,57,29,30,,
T,2020-07-31 15:44:15.999,56.92079539,24.09852936,4,43.271,,1.449,56,30,31,,
T,2020-07-31 15:44:16.999,56.92080171,24.09855295,4,43.150,,1.447,60,31,31,,
T,2020-07-31 15:44:17.999,56.92080809,24.09857463,4,43.233,,1.436,59,30,30,,
T,2020-07-31 15:44:18.999,56.92081380,24.09859455,4,43.144,,1.420,58,29,30,,
S,This is text for switch test
T,2020-07-31 15:44:19.999,56.92082090,24.09861651,4,42.982,,1.409,59,30,31,,
T,2020-07-31 15:44:20.999,56.92082498,24.09863643,4,42.932,,1.402,57,31,32,,
T,2020-07-31 15:44:21.999,56.92083094,24.09865933,4,42.737,,1.393,58,30,31,,
T,2020-07-31 15:44:22.999,56.92083650,24.09868491,4,42.509,,1.385,62,29,30,,
T,2020-07-31 15:44:23.999,56.92084150,24.09870932,4,42.424,,1.387,62,30,31,,
T,2020-07-31 15:44:24.999,56.92084847,24.09873569,4,42.590,,1.395,61,29,29,,
T,2020-07-31 15:44:25.999,56.92085903,24.09875596,4,42.191,,1.406,58,29,29,,
T,2020-07-31 15:44:26.999,56.92086889,24.09878198,4,42.294,,1.412,59,31,32,,
T,2020-07-31 15:44:27.999,56.92087408,24.09880783,4,42.229,,1.423,61,28,30,,
T,2020-07-31 15:44:28.999,56.92087839,24.09883397,4,42.088,,1.431,59,31,31,,
T,2020-07-31 15:44:29.999,56.92088167,24.09885837,4,42.268,,1.436,61,30,30,,
T,2020-07-31 15:44:30.999,56.92088426,24.09888066,4,42.267,,1.443,70,31,32,,
T,2020-07-31 15:44:31.999,56.92088908,24.09889855,4,42.285,,1.456,71,32,32,,
T,2020-07-31 15:44:32.999,56.92089130,24.09892661,4,42.266,,1.453,70,29,30,,
T,2020-07-31 15:44:33.999,56.92089528,24.09895169,4,42.280,,1.448,72,29,31,,
T,2020-07-31 15:44:34.999,56.92089896,24.09897356,4,42.365,,1.453,73,30,31,,
T,2020-07-31 15:44:35.999,56.92090911,24.09899767,4,42.039,,1.456,59,32,32,,
T,2020-07-31 15:44:36.999,56.92091845,24.09902037,3,41.960,,1.454,61,32,32,,
T,2020-07-31 15:44:37.999,56.92092391,24.09904127,3,41.765,,1.454,64,30,30,,
T,2020-07-31 15:44:38.999,56.92093337,24.09906275,3,41.865,,1.455,62,31,32,,
T,2020-07-31 15:44:39.999,56.92093880,24.09908463,3,41.661,,1.456,69,30,31,,
T,2020-07-31 15:44:40.999,56.92094443,24.09910780,2,41.703,,1.466,69,32,32,,
T,2020-07-31 15:44:41.999,56.92094909,24.09913350,2,41.630,,1.474,67,30,31,,
T,2020-07-31 15:44:42.999,56.92095398,24.09915510,2,41.444,,1.473,67,31,31,,
T,2020-07-31 15:44:43.999,56.92096299,24.09917639,2,41.426,,1.477,65,31,31,,
T,2020-07-31 15:44:44.999,56.92096987,24.09919733,3,41.423,,1.475,60,30,30,,
T,2020-07-31 15:44:45.999,56.92097716,24.09921387,3,41.611,,1.474,59,29,29,,
T,2020-07-31 15:44:46.999,56.92098477,24.09923485,3,41.657,,1.474,66,30,31,,
T,2020-07-31 15:44:47.999,56.92099135,24.09925727,3,41.632,,1.478,65,30,30,,
T,2020-07-31 15:44:48.999,56.92099819,24.09927837,3,41.257,,1.483,61,30,30,,
T,2020-07-31 15:44:49.999,56.92100158,24.09930625,3,41.483,,1.485,74,29,29,,
T,2020-07-31 15:44:50.999,56.92100504,24.09932901,3,41.418,,1.485,72,30,30,,
T,2020-07-31 15:44:51.999,56.92100963,24.09935040,3,41.517,,1.494,66,29,31,,
T,2020-07-31 15:44:52.999,56.92101539,24.09937263,4,41.346,,1.485,65,29,29,,
T,2020-07-31 15:44:53.999,56.92102452,24.09939527,4,41.292,,1.482,62,30,30,,
T,2020-07-31 15:44:54.999,56.92103431,24.09940995,4,41.290,,1.473,63,30,31,,
T,2020-07-31 15:44:55.999,56.92103972,24.09943081,4,41.157,,1.467,63,30,30,,
T,2020-07-31 15:44:56.999,56.92104896,24.09945035,3,41.142,,1.469,58,30,30,,
T,2020-07-31 15:44:57.999,56.92105682,24.09947047,3,40.935,,1.470,57,32,32,,
T,2020-07-31 15:44:58.999,56.92106346,24.09949112,3,40.699,,1.461,57,31,31,,
T,2020-07-31 15:44:59.999,56.92107301,24.09951232,3,40.714,,1.457,58,29,29,,
